nombre;sexo;edad;estciv;añosejactdoc;institución;hijos;canthijos;deporactfis;terapia;jornlab;ocupotras;especificarocup;BURN1;BURN2;BURN3;BURN4;BURN5;BURN6;BURN7;BURN8;BURN9;BURN10;BURN11;BURN12;BURN13;BURN14;BURN15;BURN16;BURN17;BURN18;BURN19;BURN20;BURN21;BURN22;BIEPS1;BIEPS2;BIEPS3;BIEPS4;BIEPS5;BIEPS6;BIEPS7;BIEPS8;BIEPS9;BIEPS10;BIEPS11;BIEPS12;BIEPS13;AC;ZAC
Ana;1;1;6;1;2;1;2;2;2;1;2; ;4;3;5;3;0;3;5;5;3;3;5;3;3;3;0;5;3;3;5;4;3;2;2;1;2;1;1;1;2;2;1;2;2;1;2;5;-3,80889269360557
Marina;1;1;1;1;2;2;0;1;1;2;2; ;5;5;5;3;3;5;5;5;6;3;0;3;2;5;0;3;2;3;6;0;2;0;3;2;3;2;3;3;3;3;3;3;2;2;2;6;-2,67529367765153
Segismundo;2;1;1;1;1;2;0;2;2;1;1;comerciante;0;2;1;6;0;1;5;0;5;0;0;6;1;1;1;0;5;5;5;5;2;0;2;1;1;3;3;2;3;3;2;1;2;1;3;6;-2,67529367765153
Amapola;1;1;2;1;1;1;1;2;2;2;2; ;5;5;4;5;0;6;5;5;2;2;2;3;1;2;0;3;2;5;5;5;4;1;3;2;3;1;2;2;2;2;2;3;2;2;2;6;-2,67529367765153
Atanasio;2;2;6;1;2;2;0;2;2;2;2; ;1;2;0;6;0;0;4;0;6;0;0;4;0;0;0;1;5;5;6;0;5;0;3;2;3;2;1;2;3;2;3;2;2;2;2;6;-2,67529367765153
Ailén;1;2;3;2;1;1;3;1;1;1;2; ;3;5;5;6;0;3;3;3;3;0;0;5;3;0;0;0;0;0;6;0;6;0;3;1;2;1;3;3;3;3;3;3;3;2;3;7;-1,54169466169749
Noelia;1;2;6;2;1;1;2;1;2;1;2; ;0;0;0;6;0;0;6;0;6;0;0;6;0;0;0;2;6;6;6;0;3;0;3;2;1;2;3;3;3;3;2;3;3;2;2;7;-1,54169466169749
Agustina;1;2;2;1;1;1;2;1;1;2;1;cursos privados;3;3;5;5;0;0;6;1;6;0;1;1;1;1;0;2;5;5;6;0;1;1;3;2;3;1;2;3;3;2;1;3;2;1;3;7;-1,54169466169749
Adrián;2;1;1;1;2;2;0;1;2;2;2; ;2;2;4;3;0;3;4;3;5;5;3;5;1;1;0;2;2;2;6;1;2;0;3;2;3;3;1;3;3;2;3;3;2;3;3;7;-1,54169466169749
Micaela;1;1;1;1;2;2;0;1;2;2;2; ;0;0;0;5;0;0;5;0;6;0;0;6;0;4;0;0;5;5;4;0;5;0;3;3;2;3;3;2;3;3;2;3;2;2;2;7;-1,54169466169749
Abril;1;1;6;1;2;2;0;1;2;1;2; ;3;3;3;6;0;0;6;0;6;0;0;6;0;4;2;6;1;3;4;2;4;5;2;3;1;3;2;1;2;1;3;2;1;2;3;7;-1,54169466169749
Julio;2;1;1;1;2;2;0;1;1;2;2; ;0;3;1;6;0;1;6;3;2;0;0;6;1;5;6;3;3;3;3;0;3;0;3;2;3;3;3;3;3;3;3;3;2;2;3;7;-1,54169466169749
Lucas;2;1;1;1;2;2;0;2;2;2;1;acompañante terapéutico;5;5;5;5;3;5;5;6;6;5;3;5;0;4;0;5;5;2;5;3;3;0;3;2;3;2;2;3;2;3;3;3;2;2;3;7;-1,54169466169749
Marianella;1;1;1;1;2;1;1;2;2;2;2; ;3;3;3;3;0;0;6;5;0;0;5;5;0;6;0;5;6;6;6;3;6;0;3;2;3;3;1;3;3;2;3;3;2;2;3;7;-1,54169466169749
Eusebia;1;1;2;1;1;1;1;1;1;1;2; ;3;3;1;6;1;1;5;2;5;0;0;6;1;3;0;0;5;6;0;0;4;3;2;3;3;3;2;3;3;3;2;3;3;3;2;8;-,408095645743455
Yanyito;2;1;1;1;1;2;0;1;1;1;1;desarrollo social y escuela de futbol;2;3;1;5;0;1;6;1;6;0;0;5;1;4;0;4;3;3;6;0;6;4;2;3;2;2;3;3;2;3;2;3;3;3;2;8;-,408095645743455
Rubén;2;1;1;1;1;2;0;1;2;1;1;mozo;1;3;2;6;0;0;5;2;5;0;0;5;0;0;6;5;5;5;5;0;5;0;3;3;3;2;3;3;3;3;3;3;3;2;2;8;-,408095645743455
Inafio;2;1;1;1;1;2;0;1;2;1;1;comercio;1;4;1;5;0;0;5;0;6;0;0;5;0;1;0;1;5;6;4;1;3;0;3;3;3;2;2;3;3;3;3;3;3;3;2;8;-,408095645743455
Teodora;1;2;4;2;1;2;0;1;2;2;2; ;1;6;6;6;0;2;6;6;6;0;2;4;0;3;0;6;6;5;6;6;0;0;3;2;2;3;2;3;3;3;3;3;3;3;3;8;-,408095645743455
Wilfredo;2;2;6;2;1;1;4;1;2;2;2; ;6;6;6;5;0;5;6;6;5;0;0;2;5;6;0;5;3;3;5;5;5;0;3;3;3;3;3;2;3;3;3;3;3;3;2;8;-,408095645743455
Denisse;1;1;2;2;1;1;1;1;2;2;2; ;2;3;4;5;1;6;5;2;3;1;2;4;1;6;0;2;5;3;3;3;5;3;3;3;3;3;2;2;3;2;2;3;2;2;3;8;-,408095645743455
Sofía;1;1;2;1;1;1;2;1;2;1;2; ;4;5;5;6;0;0;5;0;5;0;0;4;0;0;0;0;5;6;5;0;6;0;3;2;3;2;2;3;3;3;2;3;3;1;3;8;-,408095645743455
Samantha;1;1;1;2;1;2;0;1;2;2;1;música;5;5;5;6;0;3;5;4;5;3;3;5;3;6;0;5;5;5;5;3;5;0;3;3;3;3;2;3;3;2;3;3;2;3;3;8;-,408095645743455
Karina;1;1;1;2;2;2;0;1;2;2;1;música;5;5;5;6;0;3;5;4;5;3;3;5;3;6;0;5;5;5;5;3;5;0;3;3;3;3;2;3;3;2;3;3;2;3;3;8;-,408095645743455
Octavia;1;1;1;1;2;2;0;1;1;2;2; ;5;5;5;4;3;4;3;3;3;5;4;4;5;4;2;4;3;4;4;4;4;4;2;3;3;2;2;2;3;3;2;3;3;2;2;8;-,408095645743455
Natalia;1;1;6;1;2;2;0;1;2;2;2; ;2;5;3;5;0;3;3;3;6;4;0;3;3;0;0;1;3;3;3;0;3;0;3;3;3;3;2;3;3;2;3;3;3;3;2;8;-,408095645743455
Analía;1;1;6;1;2;2;0;1;1;2;1;consultorio privado;5;5;5;4;1;3;3;5;4;3;1;2;3;4;0;3;3;4;3;0;3;0;3;2;3;3;3;3;3;3;2;3;3;2;3;8;-,408095645743455
Mamfreda;1;1;6;1;2;2;0;1;1;2;2; ;6;6;6;3;0;3;4;5;5;6;5;1;1;5;1;5;2;4;4;2;2;0;3;3;3;2;3;3;3;3;3;3;3;2;2;8;-,408095645743455
Imre;2;1;6;1;2;2;0;1;2;2;2; ;2;6;1;4;0;4;4;1;5;0;0;5;0;1;1;1;5;4;4;1;1;0;3;3;3;2;3;2;3;3;3;3;3;1;2;8;-,408095645743455
Esteban;2;1;4;1;2;1;1;1;2;2;1;terapia individual;4;3;2;6;2;4;3;3;2;3;3;3;3;4;4;3;3;2;3;3;3;3;2;3;3;3;3;3;3;2;2;2;3;2;2;8;-,408095645743455
Marcos;2;1;6;1;2;2;0;1;2;2;2; ;5;6;5;3;3;5;3;6;1;2;1;0;6;6;1;6;2;0;3;6;3;0;2;3;3;2;2;3;3;3;2;3;3;2;2;8;-,408095645743455
Jorge;2;1;1;1;1;2;0;2;1;2;2; ;3;4;4;3;0;1;3;2;5;3;1;4;1;1;0;1;5;5;5;2;4;1;3;2;3;1;3;3;3;3;2;3;3;1;3;8;-,408095645743455
Estanislao;2;1;2;2;1;1;2;2;2;2;2; ;3;5;0;5;0;0;6;0;6;0;0;5;0;0;0;3;5;5;6;0;6;0;2;2;2;3;3;3;3;3;3;3;3;2;3;8;-,408095645743455
Ruperto;2;1;4;1;1;2;0;2;2;2;2; ;5;6;5;1;0;0;1;0;6;0;0;5;0;6;0;4;3;5;6;0;5;0;3;2;3;2;2;3;3;3;2;3;3;2;3;8;-,408095645743455
Ruminea;1;2;2;1;1;1;3;2;2;2;1;actividades en iglesia;3;5;5;3;0;0;1;0;6;0;0;5;0;6;0;3;3;5;0;0;5;0;3;2;3;2;2;2;3;3;2;3;3;2;3;8;-,408095645743455
Antonella;1;2;2;2;1;2;0;2;1;1;1;profesora particular y fotógrafa;4;4;4;6;0;5;3;3;5;0;0;4;5;3;0;6;5;5;5;4;3;0;2;3;3;2;3;2;2;3;2;3;3;1;2;8;-,408095645743455
Adabel;1;1;2;1;1;2;0;2;2;1;2; ;1;5;0;6;0;0;6;0;1;0;0;6;0;1;1;1;6;6;6;1;6;0;3;3;1;3;3;2;3;3;2;3;2;3;3;8;-,408095645743455
Aikel;2;2;1;2;1;2;0;2;1;2;2; ;0;6;0;6;0;6;6;1;6;0;0;1;6;6;0;1;6;6;6;0;6;0;3;2;3;2;3;3;3;3;2;2;3;2;3;8;-,408095645743455
Aymara;1;1;2;2;1;1;2;2;2;2;2; ;4;0;0;6;0;0;0;0;6;4;0;6;0;0;0;0;5;6;6;0;5;0;3;3;3;3;2;3;3;3;3;3;2;3;3;8;-,408095645743455
Indalecio;2;1;6;1;2;1;1;2;2;2;2; ;6;6;6;5;2;6;5;6;3;4;5;2;0;2;0;2;3;2;4;1;2;0;3;2;3;2;3;2;3;3;2;3;3;2;3;8;-,408095645743455
Ináclito;2;1;1;1;2;2;0;2;1;2;2; ;4;3;5;6;0;0;5;2;3;0;0;6;0;2;0;1;3;6;4;0;6;0;3;3;3;3;3;3;3;2;2;3;3;1;2;8;-,408095645743455
Germán;2;1;1;1;2;2;0;2;2;2;2; ;5;6;5;5;0;0;5;5;6;5;3;4;3;4;0;4;5;5;5;0;4;0;3;3;3;3;2;3;3;3;2;3;3;2;2;8;-,408095645743455
Carlos;2;1;2;1;2;1;2;2;2;1;1;trabajo voluntario en comedor y terapia individual;2;2;2;5;0;2;5;0;6;1;0;5;1;2;0;2;3;5;6;1;5;0;3;2;3;2;1;3;3;2;2;3;3;2;3;8;-,408095645743455
Sebastián;2;1;1;1;2;2;0;2;2;2;2; ;0;4;5;5;6;0;0;5;3;6;6;0;3;0;3;5;3;3;6;1;6;3;3;2;3;1;2;3;3;3;2;3;3;3;3;8;-,408095645743455
Gorminda;1;1;1;1;1;2;0;1;2;1;2; ;0;2;0;4;4;1;4;0;5;1;1;5;0;1;2;1;4;5;5;1;5;1;3;3;3;3;3;3;3;3;3;3;3;2;3;9;,725503370210583
Pedro;2;1;6;1;1;2;0;1;2;1;2; ;0;2;0;5;0;0;6;0;6;2;0;6;0;0;0;0;6;6;5;0;6;0;3;3;3;3;2;3;3;3;3;3;3;3;3;9;,725503370210583
Manuel;2;1;6;1;1;2;0;1;2;2;2; ;1;1;1;6;0;0;6;0;6;1;0;6;1;0;0;0;6;6;6;0;6;0;3;3;3;3;3;3;3;3;3;3;3;3;3;9;,725503370210583
Belén;1;1;6;1;1;1;2;1;1;2;1;consultorio psicopedagógico;5;6;4;6;0;5;3;3;5;3;4;5;1;3;0;5;5;4;5;1;6;0;3;3;3;1;3;3;3;3;1;3;3;1;3;9;,725503370210583
Marta;1;1;6;1;1;2;0;1;1;1;2; ;1;5;4;6;0;0;6;0;6;0;0;5;0;0;0;0;6;5;6;0;6;0;3;3;2;3;3;3;3;3;2;3;3;2;3;9;,725503370210583
María;1;1;2;1;1;1;1;1;2;1;1;talleres de acrobacia;3;3;0;5;0;0;6;0;6;0;0;5;0;0;0;0;5;5;6;3;6;0;3;3;3;3;2;3;2;2;3;3;3;2;3;9;,725503370210583
Arlen;1;1;4;2;1;1;2;1;2;2;2; ;0;4;0;5;0;0;6;0;5;0;0;6;0;0;0;0;6;6;6;0;6;0;3;3;1;3;1;3;3;2;3;3;3;3;3;9;,725503370210583
Joshua;2;1;6;1;1;2;0;1;2;1;2; ;2;2;1;6;0;1;1;1;6;0;0;5;0;1;0;2;5;6;6;0;6;0;3;3;3;3;3;3;3;3;3;3;3;2;3;9;,725503370210583
Abigail;1;1;6;1;1;2;0;1;2;1;2; ;1;3;3;6;0;0;6;0;6;0;0;6;0;3;0;3;3;6;6;0;5;0;3;3;3;3;2;3;3;3;3;3;3;3;3;9;,725503370210583
Laura;1;1;1;1;1;2;0;1;1;2;2; ;4;3;2;5;2;3;5;3;1;1;3;4;3;1;4;3;5;2;2;2;5;1;2;3;3;3;2;3;3;2;3;3;3;2;3;9;,725503370210583
Fernanda;1;1;6;1;2;2;0;1;2;2;1;guardavidas en pileta;0;1;0;5;0;0;6;0;0;1;0;6;0;0;0;0;6;6;6;0;6;0;3;3;2;3;2;3;3;3;3;3;3;3;3;9;,725503370210583
Valeria;1;1;6;1;2;2;0;1;2;1;2; ;5;5;5;6;0;2;6;1;6;0;0;5;1;1;0;3;4;5;6;1;5;0;3;3;3;2;3;3;3;3;2;3;3;2;3;9;,725503370210583
Thomas;2;1;1;1;2;2;0;1;2;2;2; ;0;1;0;6;0;0;6;0;6;0;0;6;0;0;0;0;6;6;0;0;6;0;3;3;3;3;2;3;3;3;3;3;3;3;3;9;,725503370210583
Karenina;1;1;6;2;2;2;0;1;2;2;2; ;5;1;1;6;0;4;6;5;3;0;0;6;0;1;0;5;5;6;5;0;5;0;3;3;3;2;2;3;3;3;2;3;3;2;3;9;,725503370210583
Magalí;1;1;1;1;2;2;0;1;2;2;2; ;3;3;3;3;2;0;5;2;4;0;0;5;1;5;0;3;2;4;6;4;3;0;3;3;3;3;3;3;3;3;3;3;3;3;3;9;,725503370210583
Ángel;2;1;6;2;2;2;0;1;2;2;2; ;4;6;4;6;0;5;6;6;6;6;6;6;4;6;4;6;6;6;6;0;6;0;3;3;3;2;3;3;3;3;3;3;3;3;3;9;,725503370210583
Cristian;2;1;1;1;2;2;0;1;2;2;2; ;0;5;0;3;0;0;5;3;5;6;0;6;0;6;0;6;6;5;6;0;3;0;3;3;3;1;3;3;3;3;3;3;3;3;3;9;,725503370210583
Gimena;1;1;1;1;2;1;1;1;1;2;1;empleada;2;2;0;6;0;0;6;1;6;2;0;6;0;2;0;2;6;6;6;4;6;0;3;3;3;3;2;3;3;2;3;3;3;3;3;9;,725503370210583
Ivana;1;1;1;1;2;2;0;1;1;2;2; ;4;4;3;4;3;4;5;2;4;2;1;4;2;1;0;1;5;5;3;3;5;1;2;3;3;2;2;2;2;2;2;3;3;2;3;9;,725503370210583
Aldo;2;1;1;1;2;2;0;1;2;2;1;consultorio particular;1;4;4;5;0;0;6;1;6;0;0;5;0;0;0;1;4;6;6;0;5;0;3;3;3;3;2;3;3;3;2;3;3;3;3;9;,725503370210583
Dulcinea;1;1;1;1;2;2;0;1;2;2;2; ;5;5;5;6;0;4;6;4;6;3;0;0;0;2;0;2;6;4;4;0;6;0;3;3;3;3;3;3;3;3;3;3;3;3;3;9;,725503370210583
José;2;1;6;2;2;1;2;1;2;2;2; ;0;3;0;0;0;1;5;0;6;0;0;5;0;1;0;2;2;6;6;5;6;0;3;3;3;3;3;3;3;3;3;3;3;2;3;9;,725503370210583
Mario;2;1;2;1;2;1;3;1;2;1;2; ;1;4;1;6;0;0;6;0;6;0;0;6;0;0;0;2;6;6;5;0;2;0;3;3;1;3;3;3;3;3;3;3;3;3;3;9;,725503370210583
Joaquín;2;2;1;2;2;2;0;1;1;2;2; ;1;4;5;6;0;1;6;3;6;0;0;6;0;1;1;1;6;6;5;1;1;0;3;3;2;3;3;3;3;3;2;2;3;2;3;9;,725503370210583
Mariano;2;2;2;2;2;1;2;1;2;2;1;musico;3;5;6;5;0;4;5;5;6;0;0;5;3;6;1;6;5;6;6;6;3;0;3;3;3;3;3;3;3;3;3;3;3;3;3;9;,725503370210583
Anacleta;1;2;2;2;1;1;4;2;2;1;2; ;2;6;4;6;0;4;5;1;6;1;2;3;0;1;0;3;5;3;6;6;6;2;3;3;2;3;3;3;3;3;3;3;3;3;3;9;,725503370210583
Lucila;1;1;6;1;1;1;1;2;2;1;1;comercio;5;6;5;6;0;1;6;5;6;0;1;3;4;5;0;5;5;4;6;5;6;0;3;3;3;3;2;3;3;3;3;3;3;3;3;9;,725503370210583
Agostina;1;1;4;2;1;1;2;2;2;1;1;actividad artística;3;5;3;5;0;3;5;1;5;0;0;5;0;1;0;1;5;5;5;1;6;0;3;3;2;3;3;3;2;3;2;3;3;3;3;9;,725503370210583
Leandro;2;2;2;2;1;1;1;2;2;1;2; ;0;0;1;6;0;0;6;0;6;0;0;6;0;0;0;0;6;6;6;0;1;0;3;3;2;3;3;3;3;3;3;3;3;3;3;9;,725503370210583
Pablo;2;1;1;1;1;2;0;2;2;2;2; ;3;1;3;6;0;0;6;1;5;0;1;1;1;0;0;1;6;6;1;1;1;0;3;3;3;3;3;3;3;3;2;3;3;3;3;9;,725503370210583
Florencia;1;1;4;1;1;1;1;2;2;1;2; ;1;2;0;6;0;0;5;0;6;0;0;1;3;3;0;3;3;3;3;3;2;0;2;3;3;3;2;2;2;3;2;2;3;2;3;9;,725503370210583
Nerina;1;1;1;2;1;2;0;2;2;2;2; ;0;3;0;6;0;0;6;0;6;0;0;6;0;3;0;3;6;6;6;0;6;0;3;3;3;2;3;3;2;3;3;3;3;2;3;9;,725503370210583
Bertha;1;1;2;1;1;1;2;2;1;2;2; ;6;5;3;6;0;3;1;0;0;6;0;0;5;0;0;1;1;1;6;2;5;0;1;3;3;2;3;2;3;3;3;3;3;2;3;9;,725503370210583
Clotilde;1;1;2;1;1;1;1;2;2;1;2; ;1;4;5;6;0;0;6;0;6;0;0;6;0;0;0;0;6;6;6;0;6;0;3;3;3;3;3;3;3;3;3;3;3;3;3;9;,725503370210583
Tiziano;2;1;4;2;1;1;2;2;2;1;2; ;3;3;1;5;0;1;5;0;5;0;0;4;3;1;0;3;3;3;3;0;3;0;3;3;3;1;2;3;3;3;2;3;3;3;3;9;,725503370210583
Dominique;1;2;2;2;1;1;1;2;2;2;2; ;6;6;6;6;0;6;6;0;6;0;0;0;0;0;0;6;6;6;6;0;6;0;3;3;3;3;2;3;3;3;3;3;3;3;3;9;,725503370210583
Aitana;1;2;5;2;1;1;2;2;2;2;1;catering (miniemprendimiento familiar);0;5;0;6;0;3;5;0;6;0;0;5;0;3;0;0;6;6;5;0;6;0;3;3;3;3;3;3;3;3;3;3;3;3;3;9;,725503370210583
Gabriel;2;2;2;2;1;1;2;2;2;2;2; ;1;1;1;6;0;0;6;0;6;0;0;5;0;0;0;0;6;6;6;0;6;0;3;3;3;3;3;3;3;3;3;3;3;3;3;9;,725503370210583
Ezequiel;2;1;1;1;1;1;1;2;2;1;2; ;4;5;4;6;0;0;6;0;6;0;0;6;0;6;0;1;3;6;6;0;1;0;3;3;3;2;3;3;3;3;2;3;3;2;3;9;,725503370210583
Lucía;1;1;2;1;1;1;2;2;2;1;2; ;6;6;6;5;0;0;0;0;6;0;0;6;0;0;0;0;6;6;0;0;6;0;3;3;3;3;2;3;3;3;3;3;3;2;3;9;,725503370210583
Rocío;1;1;1;2;1;2;0;2;2;2;2; ;3;5;3;6;0;0;6;0;6;0;0;5;0;0;0;0;5;5;5;4;6;0;2;3;3;3;2;2;3;2;3;2;3;3;3;9;,725503370210583
Paula;1;1;3;2;1;1;2;2;1;2;2; ;2;6;5;6;0;2;6;6;0;0;0;6;0;1;2;5;6;1;6;0;0;0;3;3;3;3;3;3;3;3;3;3;3;3;3;9;,725503370210583
Isabel;1;1;6;2;1;1;1;2;2;2;2; ;0;3;1;5;0;0;6;0;6;6;0;6;0;0;0;0;6;6;6;0;6;0;3;3;3;2;3;3;3;3;2;3;3;1;3;9;,725503370210583
Rosa;1;1;2;1;2;1;1;2;2;2;1;consultorio;2;4;3;6;0;2;5;1;6;0;0;5;1;1;0;2;6;5;5;1;5;0;3;3;3;3;3;3;3;3;2;3;3;2;3;9;,725503370210583
Guillermo;2;1;6;2;2;1;1;2;2;2;1;clases particulares;6;6;5;5;0;3;5;5;5;1;0;3;3;3;0;3;6;5;6;2;6;4;3;3;3;1;3;3;3;3;1;3;3;2;3;9;,725503370210583
Ayelén;1;1;1;1;2;2;0;2;1;2;2; ;4;4;3;6;0;4;6;3;6;0;0;5;3;3;0;4;6;6;6;5;5;0;2;3;3;3;3;3;3;3;3;3;3;3;3;9;,725503370210583
Carolina;1;1;6;1;2;2;0;2;2;2;2; ;4;4;4;3;0;1;4;3;2;1;0;2;0;4;0;2;2;1;2;2;2;0;3;3;3;3;2;3;3;3;2;3;3;2;3;9;,725503370210583
Daiana;1;1;1;1;2;1;1;2;1;2;1;empleada;5;5;2;5;0;0;6;0;5;0;0;6;0;6;0;0;6;6;6;5;2;0;3;3;3;3;1;3;3;3;3;3;3;2;3;9;,725503370210583
Mauricio;2;1;1;1;2;2;0;2;2;2;1;alquilo vajilla y ayudante de cocina a veces;3;5;1;6;0;0;5;3;6;6;0;3;3;5;6;1;6;5;6;0;5;0;3;3;3;1;3;3;3;3;1;3;3;1;3;9;,725503370210583
Miguel;2;1;1;1;2;2;0;2;2;2;2; ;2;2;0;6;0;2;4;2;6;0;0;6;0;6;0;3;3;4;6;1;5;2;2;3;2;1;3;2;3;3;2;2;3;2;3;9;,725503370210583
Romina;1;1;1;1;2;2;0;2;1;2;1;atención privado en consultorio;1;3;1;5;1;0;5;0;5;0;0;5;0;1;0;1;5;5;5;0;5;0;3;3;3;3;1;3;3;3;3;3;3;3;3;9;,725503370210583
Sergio;2;1;1;1;2;2;0;2;2;2;1;consultorio;1;4;4;6;0;1;6;1;6;0;0;6;1;3;0;3;5;5;6;0;5;0;3;3;3;3;3;3;3;3;3;3;3;3;3;9;,725503370210583
Cleopatra;1;1;6;1;2;1;1;2;2;2;1;trabajo c/un paciente en su domicilio;3;5;3;4;0;1;4;0;3;0;0;4;1;2;0;1;5;5;5;5;5;0;3;3;3;3;3;3;3;3;3;3;3;3;3;9;,725503370210583
Mirna;1;1;1;1;2;2;0;2;2;2;2; ;2;4;2;5;0;5;5;3;6;1;0;5;3;5;0;3;4;5;6;3;5;0;3;3;3;2;3;2;3;3;2;3;3;1;3;9;,725503370210583
Beatriz;1;1;1;1;2;1;1;2;1;2;2; ;3;2;1;6;0;0;6;0;6;0;0;6;0;0;0;0;4;6;6;0;5;0;3;3;3;3;1;3;3;3;3;3;3;2;3;9;,725503370210583
Morticia;1;1;1;1;2;2;0;2;1;1;2; ;1;4;2;5;0;1;6;1;6;0;0;5;0;4;0;4;5;5;6;1;5;0;3;3;3;3;2;3;3;3;3;3;3;3;3;9;,725503370210583
